jjones 57 91 78 77 52 94 70 53 58 65 77 80 77
gwashing 79 80 59 96 75 98 92 66 72 85 77 58 70
jadams1 76 96 89 95 99 56 80 56 51 76 87 66 67
tjeffers 70 74 83 69 50 88 94 77 76 50 57 54 90
jmadison 75 68 54 77 61 57 57 70 82 76 75 87 78
jmonroe 82 88 59 52 66 55 80 93 63 66 51 52 84
jadams2 82 92 90 59 56 59 74 64 53 95 64 97 59
ajackson 51 89 51 73 71 98 90 71 99 82 52 94 62
mvanbure 77 58 84 95 95 97 82 74 54 94 91 97 59
wharriso 50 67 60 54 56 78 68 63 50 69 69 96 93
jtyler 86 95 55 56 82 69 70 88 81 55 98 90 54
jpolk 57 61 80 91 82 71 99 79 95 62 92 84 65
ztaylor 52 80 60 86 92 75 60 73 68 90 98 58 52
mfillmor 51 69 77 97 68 70 84 77 92 87 64 80 73
fpierce 93 61 74 66 55 67 99 62 56 87 71 54 51
jbuchana 68 71 59 82 86 79 98 70 61 63 62 70 97
alincoln 70 72 91 86 76 53 84 70 60 65 77 66 53
ajohnson 65 80 60 65 75 98 87 99 89 60 78 56 76
ugrant 90 80 84 87 76 51 58 50 95 85 73 82 67
rhayes 59 94 55 60 78 96 55 74 86 88 99 59 51
jgarfiel 76 68 79 55 70 78 55 84 83 51 85 77 99
carthur 85 94 92 69 73 88 78 56 60 68 85 66 97
gclevela 92 58 76 54 93 71 87 53 66 63 68 57 80
bharriso 79 98 57 90 77 94 92 83 72 74 86 72 65
wmckinle 96 85 76 64 82 84 50 92 99 77 79 52 86
trooseve 92 66 92 74 97 63 80 99 78 64 50 95 99
wtaft 96 86 55 83 82 67 55 62 78 91 63 98 96
wwilson 80 89 55 59 69 98 98 55 60 93 81 92 89
wharding 81 81 65 88 95 66 50 90 57 76 78 88 65
ccoolidg 69 98 98 57 73 98 84 79 54 72 98 77 65
hhoover 91 82 58 70 71 61 83 79 57 57 60 73 73
frooseve 96 55 54 77 66 82 64 66 97 90 67 53 97
htruman 56 69 73 63 80 94 93 92 82 70 53 55 88
deisenho 92 66 73 53 76 59 88 61 52 62 78 53 57
jkennedy 52 61 62 64 67 63 77 58 92 77 90 58 60
ljohnson 73 79 59 85 67 86 78 51 85 85 75 83 58
rnixon 99 84 92 77 89 85 64 86 97 71 51 88 76
gford 76 88 55 62 71 54 84 86 95 95 67 54 87
jcarter 67 59 57 90 98 86 95 95 91 58 58 97 56
rreagan 95 94 72 74 57 75 75 69 87 85 93 87 74
gbush1 51 73 91 72 87 71 77 91 53 72 83 52 71
wclinton 51 93 51 80 62 87 68 99 59 77 62 65 67
gbush2 62 83 77 74 52 68 72 94 98 87 87 95 90
